20
20.3694
20.8225
21.2917
21.7666
22.2437
22.7224
23.2012
23.6797
24.1585
24.6357
25.1139
25.5909
26.0663
26.542
27.0165
27.4894
27.9609
28.433
28.9032
29.3719
29.8393
30.3073
30.7737
31.2383
31.7013
32.1633
32.6255
32.7695
32.4724
32.12
31.7345
31.3317
30.9269
30.5309
30.1522
29.79
29.4504
29.1288
28.8292
28.5466
28.2837
28.0358
27.8052
27.5869
27.383
27.1902
27.0089
26.8378
26.6763
26.5239
26.3786
26.2419
26.1114
25.9872
25.8693
25.7563
25.6489
25.5461
25.4472
25.353
25.2623
25.1749
25.0912
25.0106
24.9325
24.8572
24.7849
24.7147
24.6465
24.5808
24.5172
24.4554
24.3953
24.337
24.2806
24.2256
24.1721
24.1199
24.0694
24.0201
23.9721
23.9252
23.8795
23.8351
23.7918
23.7495
23.7082
23.6678
23.6283
23.5898
23.5523
23.5155
23.4796
23.4445
23.4101
23.3765
23.3437
23.3116
23.2802
23.2494
23.2192
23.1897
23.1607
23.1324
23.1047
23.0776
23.051
23.0249
22.9994
22.9743
22.9498
22.9258
22.9022
22.8791
22.8564
22.8341
22.8122
22.7908
22.7698
22.7492
22.7291
22.7092
22.6897
22.6706
22.6518
22.6335
22.6154
22.5977
22.5802
22.563
22.5462
22.5296
22.5134
22.4975
22.4818
22.4665
22.4513
22.4364
22.4219
22.4076
22.3935
22.3796
22.366
22.3525
22.3393
22.3264
22.3136
22.3011
22.2888
22.2766
22.2648
22.2531
22.2416
22.2303
22.2191
22.2081
22.1974
22.1867
22.1763
22.166
22.1558
22.1459
22.136
22.1264
22.1169
22.1076
22.0984
22.0894
22.0805
22.0717
22.0631
22.0546
22.0462
22.0379
22.0298
22.0218
22.0139
22.0061
21.9984
21.9909
21.9835
21.9762
21.969
21.962
21.955
21.9481
21.9413
21.9347
21.9281
21.9216
21.9152
21.9089
21.9027
21.8965
21.8905
21.8846
21.8788
21.873
21.8673
21.8618
21.8562
21.8508
21.8454
21.8401
21.8349
21.8298
21.8247
21.8197
21.8148
21.8099
21.8051
21.8004
21.7957
21.7911
21.7866
21.7822
21.7778
21.7734
21.7691
21.7649
21.7608
21.7566
21.7526
21.7486
21.7446
21.7408
21.7369
21.7332
21.7295
21.7258
21.7222
21.7186
21.7151
21.7116
21.7082
21.7048
21.7014
21.6981
21.6949
21.6917
21.6885
21.6854
21.6823
21.6793
21.6763
21.6734
21.6705
21.6676
21.6648
21.662
21.6592
21.6565
21.6538
21.6512
21.6486
21.646
21.6435
21.641
21.6386
21.6361
21.6338
21.6314
21.6291
21.6268
21.6245
21.6223
21.6201
21.6179
21.6158
21.6136
21.6116
21.6096
21.6076
21.6056
21.6036
21.6017
21.5998
21.5979
21.5961
21.5943
21.5925
21.5908
21.589
21.5873
21.5857
21.584
21.5824
21.5809
21.5793
21.5778
21.5762
21.5747
21.5731
21.5716
21.57
21.5685
21.567
21.5655
21.5639
21.5624
21.5609
21.5593
21.5578
21.5562
21.5547
21.5532
21.5516
21.5501
21.5486
21.547
21.5455
21.544
21.5425
21.541
21.5395
21.5379
21.5364
21.5349
21.5334
21.5319
21.5304
21.5288
21.5273
21.5258
21.5243
21.5228
21.5213