20
20.3689
20.8214
21.29
21.7643
22.2408
22.7188
23.197
23.6749
24.1531
24.6297
25.1073
25.5836
26.0584
26.5334
27.0073
27.4797
27.9505
28.422
28.8916
29.3596
29.8264
30.2938
30.7597
31.2237
31.6861
32.1474
32.6091
33.0689
33.5276
33.9842
34.4393
34.8952
35.3494
35.8022
36.2536
36.7032
37.1511
37.5988
38.0461
38.4914
38.9355
39.3781
39.8189
40.2583
40.6961
41.1341
41.571
42.0064
42.4399
42.8721
42.6764
42.0725
41.385
40.6606
39.9289
39.2114
38.5208
37.862
37.2434
36.659
36.1143
35.6008
35.1232
34.6725
34.2533
33.8573
33.4878
33.1383
32.8106
32.5006
32.2079
31.9316
31.6682
31.4203
31.1829
30.9573
30.7424
30.5364
30.3411
30.1535
29.973
29.8013
29.6357
29.4759
29.3232
29.1757
29.033
28.8958
28.7637
28.6355
28.5111
28.3914
28.2751
28.1622
28.0523
27.9462
27.843
27.7425
27.6447
27.5494
27.4572
27.3672
27.2794
27.1938
27.1101
27.0289
26.9497
26.8724
26.7967
26.7228
26.6505
26.5803
26.5115
26.4443
26.3784
26.314
26.2509
26.1894
26.1293
26.0705
26.0129
25.9564
25.9011
25.8469
25.7939
25.7421
25.6913
25.6415
25.5927
25.5447
25.4977
25.4517
25.4068
25.3627
25.3195
25.277
25.2353
25.1944
25.1542
25.115
25.0764
25.0386
25.0014
24.9648
24.9289
24.8937
24.8592
24.8254
24.7922
24.7596
24.7275
24.6959
24.665
24.6347
24.6048
24.5755
24.5466
24.5183
24.4903
24.463
24.4361
24.4097
24.3837
24.3581
24.333
24.3084
24.2842
24.2604
24.2369
24.2138
24.1911
24.1688
24.1469
24.1253
24.1041
24.0831
24.0625
24.0423
24.0224
24.0028
23.9835
23.9645
23.9459
23.9276
23.9095
23.8917
23.8743
23.8571
23.8401
23.8234
23.8069
23.7908
23.7749
23.7592
23.7437
23.7284
23.7135
23.6987
23.6842
23.6699
23.6559
23.642
23.6283
23.6149
23.6017
23.5887
23.5758
23.5631
23.5507
23.5384
23.5262
23.5143
23.5025
23.4909
23.4795
23.4682
23.4571
23.4462
23.4355
23.4249
23.4144
23.4042
23.3941
23.3841
23.3742
23.3645
23.355
23.3455
23.3363
23.3271
23.318
23.3091
23.3003
23.2917
23.2832
23.2747
23.2665
23.2583
23.2503
23.2424
23.2346
23.2269
23.2194
23.2119
23.2045
23.1973
23.1901
23.1831
23.1761
23.1692
23.1625
23.1558
23.1492
23.1427
23.1363
23.13
23.1239
23.1178
23.1118
23.1058
23.1
23.0943
23.0886
23.083
23.0775
23.0721
23.0667
23.0614
23.0562
23.0511
23.046
23.0411
23.0362
23.0313
23.0266
23.0219
23.0173
23.0128
23.0083
23.0039
22.9996
22.9953
22.9911
22.987
22.9829
22.9789
22.9749
22.971
22.9672
22.9634
22.9597
22.956
22.9524
22.9488
22.9454
22.942
22.9386
22.9353
22.932
22.9288
22.9257
22.9226
22.9196
22.9166
22.9136
22.9107
22.9079
22.9051
22.9023
22.8996
22.8968
22.8941
22.8914
22.8886
22.8859
22.8832
22.8805
22.8778
22.8751
22.8723
22.8696
22.8669
22.8642
22.8615
22.8589
22.8562
22.8535
22.8508
22.8481
22.8455
22.8428
22.8402
22.8375
22.8349
22.8323
22.8296
22.827
22.8244
22.8218
22.8192
22.8166
22.814
22.8114
22.8088
22.8062
22.8036
22.801
22.7985
22.7959
22.7934