0
0.0001
0.0002
0.0003
0.0004
0.0005
0.0006
0.0007
0.0008
0.0009
0.001
0.0011
0.0012
0.0013
0.0014
0.0015
0.0016
0.0017
0.0018
0.0019
0.002
0.0021
0.0022
0.0023
0.0024
0.0025
0.0026
0.0027
0.0028
0.0029
0.003
0.0031
0.0032
0.0033
0.0034
0.0035
0.0036
0.0037
0.0038
0.0039
0.004
0.0041
0.0042
0.0043
0.0044
0.0045
0.0046
0.0047
0.0048
0.0049
0.005
0.00601
0.00701
0.00801
0.00901
0.01001
0.01101
0.01201
0.01301
0.01401
0.01501
0.01601
0.01701
0.01801
0.01901
0.02001
0.02101
0.02201
0.02301
0.02401
0.02501
0.02601
0.02701
0.02801
0.02901
0.03001
0.03101
0.03201
0.03301
0.03401
0.03501
0.03601
0.03701
0.03801
0.03901
0.04001
0.04101
0.04201
0.04301
0.04401
0.04501
0.04601
0.04701
0.04801
0.04901
0.05001
0.05101
0.05201
0.05301
0.05401
0.05501
0.05601
0.05701
0.05801
0.05901
0.06001
0.06101
0.06201
0.06301
0.06401
0.06501
0.06601
0.06701
0.06801
0.06901
0.07001
0.07101
0.07201
0.07301
0.07401
0.07501
0.07601
0.07701
0.07801
0.07901
0.08001
0.08101
0.08201
0.08301
0.08401
0.08501
0.08601
0.08701
0.08801
0.08901
0.09001
0.09101
0.09201
0.09301
0.09401
0.09501
0.09601
0.09701
0.09801
0.09901
0.10001
0.10101
0.10201
0.10301
0.10401
0.10501
0.10601
0.10701
0.10801
0.10901
0.11001
0.11101
0.11201
0.11301
0.11401
0.11501
0.11601
0.11701
0.11801
0.11901
0.12001
0.12101
0.12201
0.12301
0.12401
0.12501
0.12601
0.12701
0.12801
0.12901
0.13001
0.13101
0.13201
0.13301
0.13401
0.13501
0.13601
0.13701
0.13801
0.13901
0.14001
0.14101
0.14201
0.14301
0.14401
0.14501
0.14601
0.14701
0.14801
0.14901
0.15001
0.15101
0.15201
0.15301
0.15401
0.15501
0.15601
0.15701
0.15801
0.15901
0.16001
0.16101
0.16201
0.16301
0.16401
0.16501
0.16601
0.16701
0.16801
0.16901
0.17001
0.17101
0.17201
0.17301
0.17401
0.17501
0.17601
0.17701
0.17801
0.17901
0.18001
0.18101
0.18201
0.18301
0.18401
0.18501
0.18601
0.18701
0.18801
0.18901
0.19001
0.19101
0.19201
0.19301
0.19401
0.19501
0.19601
0.19701
0.19801
0.19901
0.20001
0.20101
0.20201
0.20301
0.20401
0.20501
0.20601
0.20701
0.20801
0.20901
0.21001
0.21101
0.21201
0.21301
0.21401
0.21501
0.21601
0.21701
0.21801
0.21901
0.22001
0.22101
0.22201
0.22301
0.22401
0.22501
0.22601
0.22701
0.22801
0.22901
0.23001
0.23101
0.23201
0.23301
0.23401
0.23501
0.23601
0.23701
0.23801
0.23901
0.24001
0.24101
0.24201
0.24301
0.24401
0.24501
0.24601
0.24701
0.24801
0.24901
0.25001
0.25101
0.25201
0.25301
0.25401
0.25501
0.25601
0.25701
0.25801
0.25901
0.26001
0.26101
0.26201
0.26301
0.26401
0.26501
0.26601
0.26701
0.26801
0.26901
0.27001
0.27101
0.27201
0.27301
0.27401
0.27501
0.27601
0.27701
0.27801
0.27901
0.28001
0.28101
0.28201
0.28301
0.28401
0.28501
0.28601
0.28701
0.28801
0.28901
0.29001
0.29101
0.29201
0.29301
0.29401
0.29501
0.29601
0.29701
0.29801
0.29901
0.30001
0.30101
0.30201
0.30301
0.30401
0.30501