0
0.0001
0.0002
0.0003
0.0004
0.0005
0.0006
0.0007
0.0008
0.0009
0.001
0.0011
0.0012
0.0013
0.0014
0.0015
0.0016
0.0017
0.0018
0.0019
0.002
0.0021
0.0022
0.0023
0.0024
0.0025
0.0026
0.0027
0.00373
0.00473
0.00573
0.00673
0.00773
0.00873
0.00973
0.01073
0.01173
0.01273
0.01373
0.01473
0.01573
0.01673
0.01773
0.01873
0.01973
0.02073
0.02173
0.02273
0.02373
0.02473
0.02573
0.02673
0.02773
0.02873
0.02973
0.03073
0.03173
0.03273
0.03373
0.03473
0.03573
0.03673
0.03773
0.03873
0.03973
0.04073
0.04173
0.04273
0.04373
0.04473
0.04573
0.04673
0.04773
0.04873
0.04973
0.05073
0.05173
0.05273
0.05373
0.05473
0.05573
0.05673
0.05773
0.05873
0.05973
0.06073
0.06173
0.06273
0.06373
0.06473
0.06573
0.06673
0.06773
0.06873
0.06973
0.07073
0.07173
0.07273
0.07373
0.07473
0.07573
0.07673
0.07773
0.07873
0.07973
0.08073
0.08173
0.08273
0.08373
0.08473
0.08573
0.08673
0.08773
0.08873
0.08973
0.09073
0.09173
0.09273
0.09373
0.09473
0.09573
0.09673
0.09773
0.09873
0.09973
0.10073
0.10173
0.10273
0.10373
0.10473
0.10573
0.10673
0.10773
0.10873
0.10973
0.11073
0.11173
0.11273
0.11373
0.11473
0.11573
0.11673
0.11773
0.11873
0.11973
0.12073
0.12173
0.12273
0.12373
0.12473
0.12573
0.12673
0.12773
0.12873
0.12973
0.13073
0.13173
0.13273
0.13373
0.13473
0.13573
0.13673
0.13773
0.13873
0.13973
0.14073
0.14173
0.14273
0.14373
0.14473
0.14573
0.14673
0.14773
0.14873
0.14973
0.15073
0.15173
0.15273
0.15373
0.15473
0.15573
0.15673
0.15773
0.15873
0.15973
0.16073
0.16173
0.16273
0.16373
0.16473
0.16573
0.16673
0.16773
0.16873
0.16973
0.17073
0.17173
0.17273
0.17373
0.17473
0.17573
0.17673
0.17773
0.17873
0.17973
0.18073
0.18173
0.18273
0.18373
0.18473
0.18573
0.18673
0.18773
0.18873
0.18973
0.19073
0.19173
0.19273
0.19373
0.19473
0.19573
0.19673
0.19773
0.19873
0.19973
0.20073
0.20173
0.20273
0.20373
0.20473
0.20573
0.20673
0.20773
0.20873
0.20973
0.21073
0.21173
0.21273
0.21373
0.21473
0.21573
0.21673
0.21773
0.21873
0.21973
0.22073
0.22173
0.22273
0.22373
0.22473
0.22573
0.22673
0.22773
0.22873
0.22973
0.23073
0.23173
0.23273
0.23373
0.23473
0.23573
0.23673
0.23773
0.23873
0.23973
0.24073
0.24173
0.24273
0.24373
0.24473
0.24573
0.24673
0.24773
0.24873
0.24973
0.25073
0.25173
0.25273
0.25373
0.25473
0.25573
0.25673
0.25773
0.25873
0.25973
0.26073
0.26173
0.26273
0.26373
0.26473
0.26573
0.26673
0.26773
0.26873
0.26973
0.27073
0.27173
0.27273
0.27373
0.27473
0.27573
0.27673
0.27773
0.27873
0.27973
0.28073
0.28173
0.28273
0.28373
0.28473
0.28573
0.28673
0.28773
0.28873
0.28973
0.29073
0.29173
0.29273
0.29373
0.29473
0.29573
0.29673
0.29773
0.29873
0.29973
0.30073
0.30173
0.30273
